V1 V2 V3 V4 V5 V6 V7 V8 V9 V10 V11 V12 V13 V14 V15 V16 V17 V18 V19 V20
1 0.795270728767051 0.632455532033676 0.502973371873174 0.4 0.31810829150682 0.25298221281347 0.20118934874927 0.16 0.127243316602728 0.101192885125388 0.0804757394997079 0.064 0.0508973266410912 0.0404771540501553 0.0321902957998832 0.0256 0.0203589306564365 0.0161908616200621 0.0128761183199533 0.01024
2 0.119290609315058 0.189736659610103 0.226338017342928 0.24 0.238581218630115 0.227683991532123 0.211248816186733 0.192 0.171778477413683 0.151789327688082 0.132784970174518 0.1152 0.099249786950128 0.0850020235053261 0.0724281655497371 0.06144 0.051915273173913 0.0437153263741677 0.0366969372118668 0.03072
3 0.0447339784931466 0.0853814968245463 0.118827459105037 0.144 0.161042322575328 0.170762993649092 0.174280273354055 0.1728 0.167484015478341 0.159378794072486 0.149383091446333 0.13824 0.126543478361413 0.11475273173219 0.103210135908375 0.09216 0.0817665552489131 0.0721302885173766 0.0633022166904702 0.055296
4 0.020130290321916 0.0426907484122731 0.0653551025077706 0.0864 0.104677509673963 0.119534095554365 0.130710205015541 0.13824 0.14236141315659 0.143440914665238 0.141913936874016 0.13824 0.132870652279484 0.126228004905409 0.118691656294632 0.110592 0.102208194061141 0.0937693750725896 0.0854579925321349 0.0774144
5 0.00981351653193403 0.0224126429164434 0.0367622451606209 0.05184 0.0667319124171514 0.0806855144991962 0.0931310210735731 0.10368 0.112109612860814 0.118338754598821 0.122400770553839 0.124416 0.124566236512016 0.123072304782774 0.120175301998315 0.1161216 0.111151411041491 0.105490546956663 0.0993449163186066 0.0928972800000001
6 0.00500489343128635 0.0121028271748794 0.0209544797415539 0.031104 0.0420411048228054 0.0532524395694695 0.0642604045407653 0.0746496 0.0840822096456108 0.0923042285870805 0.0991446241486096 0.10450944 0.108372625765454 0.110765074304497 0.111763030858432 0.111476736 0.110039896931076 0.107600357895797 0.104312162134537 0.1003290624
7 0.00262756905142534 0.00665655494618369 0.0120488258513935 0.0186624 0.0262756905142534 0.0346140857201552 0.0433757730650167 0.05225472 0.060959601993068 0.0692281714403103 0.0768370837151723 0.083607552 0.0894074162564996 0.0941503131588221 0.0977926520011282 0.1003290624 0.101786904661246 0.102220340001007 0.101704358081174 0.1003290624
8 0.00140762627754929 0.00370865204144519 0.00697110638544911 0.01119744 0.0163284648195718 0.0222519122486712 0.0288139063931896 0.0358318079999999 0.0431071471236694 0.0504376677636547 0.0576278127863791 0.0644972544 0.0708873086033675 0.0766652550007551 0.0817267163152293 0.0859963392 0.0894270662380943 0.0919983060009061 0.0937133013747954 0.09459597312
9 0.000765396788417428 0.00208611677331292 0.00405195558654229 0.00671846399999999 0.01010323760711 0.0141855940585279 0.0189091260705307 0.0241864704 0.0299055833170456 0.0359368382816039 0.0421403381000401 0.0483729408 0.0544946184888388 0.0603738883130946 0.065892165029153 0.07094697984 0.0754540871383921 0.0793485389257815 0.0825848468365388 0.085136375808
10 0.000420968233629584 0.00118213283821065 0.00236364075881633 0.0040310784 0.00623032985771784 0.00898420957040098 0.012290931945845 0.0161243136 0.0204354819333145 0.0251557867971228 0.0302005756383618 0.0354734899199999 0.040870963866629 0.0462866477067059 0.0516155292728367 0.056757583872 0.0616208378296868 0.0661237824381513 0.0701971198110581 0.0737848590336
11 0.000233637369664419 0.000673815717780073 0.00138272984390757 0.00241864704 0.00383165286249647 0.00566005202935261 0.00792765110506996 0.010642046976 0.0137939503049873 0.0173574928900147 0.0212914058250451 0.0255409127424 0.0300401584419723 0.0347149857800294 0.0394858798937202 0.04427091542016 0.0489885660746012 0.0535602637749025 0.057912623844123 0.061979281588224
12 0.000130624529403289 0.000385912638364951 0.000810782499382155 0.001451188224 0.0023512415292592 0.00355039627295756 0.00508090366279487 0.00696570347519999 0.00921686679469606 0.0118346542431919 0.0148072049601451 0.01811082903552 0.0217108417830619 0.0255628531652944 0.0296144099202902 0.0338068808663039 0.0380774763579854 0.0423612995310593 0.0465933382745897 0.050710321299456
13 7.347629778935e-05 0.000221899767059847 0.000476334718387018 0.000870712934399999 0.00144013543667126 0.00221899767059847 0.00323907608503174 0.00452770725888 0.00610617425148616 0.00798839161415449 0.0101799534100997 0.012677580324864 0.0154689747704316 0.0185330685448384 0.0218406273162139 0.025355160649728 0.0290340757229638 0.0328300071365709 0.0366922538912394 0.0405682570395648
14 4.15423683655171e-05 0.000128019096380681 0.000280304661204669 0.00052242776064 0.000880698209348966 0.00138260624091135 0.00205556751550091 0.002925595459584 0.00401598383463126 0.00534607746485724 0.00693019905226017 0.00877678637875199 0.0108877783961115 0.0132582721128459 0.0158764560106324 0.0187238109413376 0.0217755567922229 0.0250013131270809 0.0283659347389966 0.0318304786002739
15 2.35901306075616e-05 7.40681914773939e-05 0.000165179532495609 0.000313456656384 0.000537854977852403 0.00085919102113777 0.00129941232229878 0.001880739938304 0.00262473229191973 0.00355132288736945 0.00467788436027562 0.00601836780257279 0.00758255995443476 0.00937549242265535 0.0113970273504897 0.0136416336858316 0.0160983580571076 0.0187509848453107 0.0215783717835938 0.024554940634497
16 1.344637444631e-05 4.29595510568885e-05 9.74559241724088e-05 0.0001880739938304 0.000328091536489965 0.000532698433105418 0.000818629763048235 0.00120367356051456 0.00170607598974782 0.00234387310566384 0.00313418252138466 0.00409249010574951 0.00523196636855997 0.00656284469585875 0.0080918894188477 0.00982197625379882 0.0117518013816885 0.0138757287855299 0.0161837788376954 0.0186617548822177
