x
1 1
2 14
3 1
4 4
5 0
6 2
7 1
8 2
9 2
10 1
11 3
12 2
13 2
14 6
15 12
16 1
17 1
18 2
19 5
20 3
21 0
22 4
23 2
24 6
25 5
26 5
27 2
28 0
29 0
30 6
31 2
32 12
33 0
34 0
35 3
36 1
37 0
38 6
39 3
40 1
41 6
42 9
43 6
44 2
45 0
46 10
47 4
48 1
49 11
50 17
51 2
52 5
53 0
54 6
55 1
56 2
57 5
58 0
59 0
60 1
61 0
62 8
63 0
64 15
65 3
66 7
67 3
68 2
69 2
70 6
71 14
72 2
73 11
74 8
75 18
76 1
77 3
78 11
79 7
80 10
81 2
82 0
83 0
84 1
85 7
86 4
87 3
88 4
89 0
90 6
91 10
92 5
93 3
94 7
95 14
96 0
97 0
98 1
99 0
100 5
101 1
102 0
103 4
104 6
105 4
106 2
107 5
108 5
109 2
110 0
111 8
112 2
113 18
114 2
115 0
116 7
117 9
118 3
119 7
120 4
121 3
122 10
123 0
124 3
125 6
126 2
127 0
128 0
129 20
130 8
131 3
132 1
133 9
134 8
135 6
136 0
137 2
138 6
139 0
140 8
141 0
142 1
143 5
144 3
145 11
146 3
147 1
148 5
149 2
150 0
151 2
152 5
153 3
154 5
155 2
156 0
157 1
158 3
159 4
160 11
161 0
162 3
163 0
164 0
165 16
166 3
167 4
168 13
169 9
170 1
171 2
172 8
173 1
174 5
175 3
176 0
177 3
178 3
179 0
180 4
181 1
182 10
183 2
184 11
185 2
186 3
187 2
188 1
189 1
190 11
191 6
192 22
193 3
194 0
195 7
196 0
197 3
198 2
199 0
200 1
201 3
202 3
203 2
204 0
205 0
206 3
207 0
208 16
209 4
210 5
211 5
212 11
213 0
214 1
215 7
216 2
217 0
218 4
219 3
220 7
221 2
222 1
223 0
224 6
225 3
226 6
227 4
228 0
229 0
230 3
231 0
232 0
233 0
234 3
235 2
236 2
237 0
238 15
239 4
240 6
241 0
242 1
243 16
244 0
245 5
246 8
247 0
248 2
249 0
250 6
251 1
252 5
253 4
254 2
255 1
256 2
257 15
258 0
259 8
260 3
261 1
262 3
263 8
264 1
265 6
266 2
267 1
268 1
269 10
270 6
271 2
272 0
273 1
274 0
275 1
276 1
277 23
278 2
279 7
280 12
281 1
282 10
283 6
284 4
285 0
286 1
287 4
288 11
289 4
290 6
291 1
292 13
293 0
294 0
295 4
296 3
297 5
298 2
299 0
300 0
301 1
302 1
303 8
304 2
305 6
306 4
307 8
308 2
309 12
310 2
311 7
312 10
313 4
314 1
315 0
316 4
317 1
318 4
319 1
320 1
321 0
322 2
323 1
324 0
325 1
326 2
327 3
328 5
329 0
330 0
331 15
332 2
333 2
334 2
335 1
336 7
337 0
338 0
339 2
340 3
341 1
342 8
343 0
344 3
345 1
346 0
347 2
348 3
349 3
350 7
351 4
352 0
353 1
354 2
355 6
356 1
357 12
358 1
359 7
360 16
361 0
362 0
363 0
364 3
365 2
366 6
367 0
368 1
369 1
370 14
371 0
372 0
373 2
374 9
375 8
376 1
377 2
378 2
379 14
380 6
381 1
382 3
383 2
384 14
385 0
386 8
387 15
388 2
389 10
390 2
391 7
392 4
393 1
394 0
395 2
396 0
397 2
398 2
399 9
400 5
401 9
402 1
403 3
404 1
405 3
406 5
407 2
408 1
409 9
410 1
411 5
412 3
413 9
414 0
415 0
416 2
417 0
418 14
419 0
420 3
421 2
422 7
423 3
424 0
425 6
426 12
427 0
428 0
429 11
430 4
431 0
432 6
433 4
434 0
435 4
436 1
437 1
438 0
439 1
440 4
441 16
442 1
443 0
444 0
445 23
446 0
447 14
448 4
449 2
450 6
451 0
452 0
453 1
454 5
455 0
456 1
457 2
458 1
459 2
460 1
461 1
462 9
463 8
464 0
465 0
466 1
467 3
468 1
469 4
470 7
471 9
472 0
473 27
474 2
475 1
476 16
477 1
478 4
479 8
480 2
481 28
482 0
483 1
484 4
485 1
486 2
487 2
488 5
489 0
490 4
491 9
492 0
493 3
494 0
495 0
496 10
497 3
498 0
499 3
500 3
