x
1 4
2 3
3 6
4 7
5 2
6 2
7 3
8 11
9 5
10 1
11 5
12 2
13 4
14 3
15 1
16 0
17 6
18 1
19 2
20 5
21 2
22 3
23 6
24 3
25 4
26 7
27 4
28 3
29 6
30 3
31 8
32 1
33 4
34 4
35 1
36 5
37 3
38 1
39 5
40 6
41 0
42 3
43 6
44 4
45 1
46 4
47 3
48 3
49 3
50 1
51 5
52 1
53 7
54 1
55 3
56 2
57 6
58 4
59 1
60 2
61 3
62 6
63 7
64 7
65 2
66 6
67 5
68 3
69 5
70 4
71 5
72 9
73 11
74 7
75 3
76 3
77 10
78 4
79 10
80 3
81 4
82 5
83 1
84 3
85 1
86 6
87 2
88 1
89 8
90 6
91 2
92 1
93 2
94 2
95 2
96 3
97 2
98 6
99 4
100 7
101 3
102 2
103 2
104 3
105 2
106 3
107 6
108 7
109 11
110 2
111 5
112 1
113 2
114 4
115 2
116 1
117 0
118 10
119 3
120 1
121 12
122 7
123 3
124 3
125 5
126 3
127 9
128 1
129 2
130 3
131 5
132 3
133 3
134 0
135 5
136 3
137 5
138 7
139 3
140 2
141 4
142 9
143 5
144 1
145 3
146 5
147 3
148 4
149 3
150 4
151 3
152 5
153 10
154 4
155 3
156 6
157 3
158 4
159 2
160 2
161 3
162 2
163 2
164 7
165 6
166 5
167 3
168 7
169 2
170 6
171 4
172 3
173 3
174 1
175 1
176 2
177 6
178 4
179 4
180 2
181 4
182 4
183 0
184 5
185 4
186 4
187 1
188 5
189 3
190 2
191 1
192 4
193 7
194 7
195 3
196 6
197 6
198 7
199 4
200 2
201 12
202 4
203 8
204 1
205 3
206 9
207 6
208 3
209 2
210 2
211 7
212 4
213 8
214 1
215 3
216 3
217 6
218 9
219 3
220 1
221 3
222 1
223 5
224 0
225 1
226 8
227 5
228 6
229 4
230 4
231 3
232 3
233 3
234 3
235 5
236 2
237 1
238 3
239 4
240 4
241 6
242 3
243 2
244 3
245 6
246 3
247 1
248 4
249 4
250 5
251 4
252 1
253 6
254 6
255 0
256 5
257 3
258 6
259 5
260 8
261 4
262 5
263 1
264 5
265 2
266 2
267 9
268 1
269 3
270 2
271 8
272 6
273 3
274 3
275 5
276 6
277 6
278 6
279 4
280 6
281 3
282 3
283 4
284 10
285 4
286 5
287 0
288 7
289 5
290 5
291 5
292 6
293 3
294 2
295 2
296 4
297 10
298 6
299 10
300 3
301 1
302 3
303 9
304 2
305 4
306 2
307 3
308 6
309 3
310 5
311 1
312 3
313 5
314 4
315 4
316 5
317 1
318 6
319 4
320 3
321 2
322 4
323 7
324 2
325 7
326 3
327 2
328 1
329 4
330 2
331 4
332 2
333 5
334 3
335 1
336 5
337 0
338 1
339 2
340 5
341 9
342 2
343 6
344 6
345 6
346 1
347 4
348 4
349 3
350 1
351 4
352 2
353 2
354 2
355 1
356 2
357 5
358 5
359 3
360 2
361 5
362 5
363 5
364 1
365 3
366 2
367 8
368 7
369 6
370 5
371 2
372 2
373 8
374 9
375 6
376 3
377 2
378 8
379 6
380 5
381 3
382 5
383 4
384 1
385 8
386 4
387 4
388 3
389 2
390 7
391 3
392 3
393 6
394 5
395 5
396 2
397 4
398 0
399 9
400 2
401 5
402 3
403 2
404 5
405 3
406 2
407 7
408 11
409 2
410 0
411 5
412 3
413 6
414 3
415 3
416 3
417 5
418 1
419 2
420 4
421 6
422 3
423 7
424 5
425 6
426 5
427 2
428 4
429 5
430 4
431 4
432 2
433 5
434 4
435 4
436 3
437 3
438 4
439 0
440 2
441 1
442 1
443 6
444 5
445 7
446 6
447 1
448 4
449 3
450 3
451 6
452 5
453 1
454 2
455 3
456 3
457 2
458 9
459 11
460 3
461 4
462 3
463 2
464 3
465 5
466 8
467 2
468 4
469 5
470 10
471 2
472 2
473 7
474 4
475 5
476 1
477 3
478 4
479 4
480 8
481 2
482 6
483 2
484 3
485 5
486 10
487 1
488 3
489 6
490 5
491 4
492 5
493 5
494 3
495 3
496 10
497 6
498 5
499 2
500 3
