x
1 4
2 5
3 2
4 2
5 1
6 5
7 0
8 5
9 5
10 7
11 4
12 6
13 2
14 4
15 7
16 2
17 5
18 8
19 3
20 5
21 4
22 3
23 6
24 7
25 7
26 4
27 1
28 3
29 7
30 3
31 3
32 6
33 1
34 1
35 3
36 4
37 5
38 5
39 2
40 2
41 4
42 4
43 3
44 1
45 2
46 3
47 4
48 6
49 2
50 6
51 10
52 6
53 8
54 2
55 5
56 2
57 5
58 4
59 3
60 6
61 7
62 4
63 4
64 3
65 6
66 5
67 7
68 2
69 5
70 3
71 6
72 2
73 1
74 3
75 6
76 5
77 3
78 3
79 3
80 4
81 2
82 5
83 0
84 4
85 5
86 1
87 3
88 3
89 8
90 0
91 4
92 3
93 2
94 6
95 5
96 4
97 6
98 6
99 1
100 8
101 6
102 2
103 3
104 7
105 6
106 3
107 2
108 3
109 3
110 2
111 3
112 3
113 3
114 9
115 4
116 6
117 4
118 4
119 2
120 5
121 2
122 6
123 1
124 3
125 2
126 3
127 4
128 3
129 2
130 0
131 8
132 4
133 3
134 3
135 5
136 5
137 2
138 2
139 1
140 0
141 6
142 4
143 3
144 3
145 0
146 3
147 6
148 5
149 4
150 6
151 5
152 6
153 2
154 7
155 2
156 4
157 1
158 11
159 2
160 5
161 3
162 5
163 3
164 7
165 4
166 4
167 6
168 8
169 11
170 5
171 3
172 9
173 1
174 2
175 8
176 3
177 2
178 3
179 5
180 3
181 2
182 6
183 7
184 3
185 7
186 3
187 6
188 3
189 2
190 4
191 2
192 7
193 1
194 0
195 2
196 3
197 9
198 5
199 8
200 5
201 1
202 1
203 2
204 3
205 7
206 1
207 5
208 1
209 4
210 5
211 3
212 3
213 0
214 0
215 6
216 6
217 4
218 3
219 4
220 6
221 4
222 3
223 4
224 3
225 2
226 7
227 1
228 9
229 4
230 7
231 7
232 6
233 5
234 1
235 3
236 3
237 3
238 3
239 9
240 7
241 2
242 3
243 8
244 2
245 4
246 4
247 7
248 1
249 3
250 0
251 4
252 1
253 2
254 2
255 4
256 2
257 1
258 4
259 2
260 4
261 4
262 2
263 3
264 9
265 3
266 5
267 8
268 3
269 6
270 2
271 5
272 3
273 2
274 3
275 6
276 6
277 4
278 1
279 3
280 1
281 3
282 2
283 4
284 3
285 1
286 1
287 1
288 5
289 5
290 4
291 3
292 2
293 5
294 1
295 6
296 6
297 7
298 5
299 2
300 1
301 7
302 5
303 4
304 3
305 5
306 3
307 5
308 4
309 8
310 0
311 5
312 1
313 2
314 3
315 6
316 5
317 3
318 1
319 3
320 6
321 4
322 2
323 3
324 8
325 4
326 5
327 5
328 6
329 6
330 2
331 2
332 3
333 8
334 4
335 4
336 2
337 8
338 2
339 6
340 6
341 3
342 4
343 5
344 3
345 1
346 3
347 3
348 4
349 1
350 5
351 1
352 3
353 3
354 7
355 11
356 3
357 3
358 5
359 3
360 5
361 3
362 5
363 3
364 3
365 6
366 0
367 7
368 3
369 1
370 6
371 3
372 5
373 2
374 4
375 6
376 4
377 2
378 3
379 0
380 2
381 7
382 4
383 7
384 3
385 5
386 2
387 7
388 5
389 3
390 2
391 3
392 4
393 3
394 7
395 2
396 3
397 2
398 3
399 1
400 6
401 3
402 3
403 5
404 3
405 4
406 7
407 6
408 6
409 2
410 6
411 2
412 2
413 5
414 5
415 1
416 4
417 3
418 3
419 4
420 5
421 3
422 1
423 4
424 4
425 6
426 3
427 6
428 4
429 8
430 2
431 5
432 4
433 2
434 4
435 6
436 4
437 2
438 6
439 3
440 6
441 6
442 11
443 4
444 2
445 3
446 2
447 3
448 3
449 0
450 3
451 2
452 3
453 2
454 2
455 8
456 4
457 7
458 1
459 8
460 1
461 4
462 3
463 4
464 8
465 1
466 5
467 6
468 2
469 9
470 5
471 8
472 3
473 7
474 2
475 5
476 11
477 3
478 2
479 2
480 4
481 2
482 2
483 0
484 4
485 6
486 8
487 4
488 3
489 2
490 2
491 8
492 3
493 3
494 2
495 2
496 4
497 2
498 5
499 1
500 4
